proj:       1
zone:       19
north:      2093580
south:      2038860
east:       514530
west:       469800
cols:       497
rows:       608
e-w resol:  90
n-s resol:  90
top:        1.000000000000000
bottom:     0.000000000000000
cols3:      497
rows3:      608
depths:     1
e-w resol3: 90
n-s resol3: 90
t-b resol:  1
