proj:       1
zone:       19
north:      2092648.56553938
south:      2039795.92756061
east:       513598.83651903
west:       470774.11262097
cols:       483
rows:       596
e-w resol:  88.66402463
n-s resol:  88.67892278
format:     1
compressed: 5
