proj:       1
zone:       19
north:      2093624.03369
south:      2038820.45941
east:       514574.14079
west:       469798.80835
cols:       505
rows:       618
e-w resol:  88.66402463
n-s resol:  88.67892278
format:     1
compressed: 5
